 - output data tensor([ 0.0790,  0.1093,  0.0593,  0.2257,  0.2608, -0.0140,  0.0408,  0.1184,
         0.1772,  0.1384,  0.0743,  0.3610,  0.2294,  0.1331,  0.3157,  0.2001,
         0.2469,  0.2081,  0.1067,  0.2941,  0.0019,  0.2919,  0.3327,  0.0732,
         0.0679,  0.0794,  0.3196,  0.1653,  0.2069,  0.2963,  0.2129,  0.3370,
         0.0403,  0.1559,  0.0709,  0.1992,  0.1865,  0.3204,  0.2725,  0.4410,
        -0.0056, -0.0867,  0.2558,  0.2422,  0.0503, -0.0076,  0.4480,  0.2180,
         0.4284,  0.2935,  0.1771,  0.1280,  0.0779,  0.4556, -0.2331,  0.1847,
         0.2855,  0.5893,  0.0892, -0.0374, -0.1524,  0.3498,  0.1530,  0.3154,
         0.0115, -0.0226, -0.0026,  0.1827,  0.1418,  0.3896,  0.3031,  0.1944,
         0.3640,  0.0953,  0.1060,  0.3107,  0.1733,  0.1111,  0.0804,  0.0956,
         0.2656,  0.3850, -0.0387,  0.1515,  0.2077,  0.3861,  0.1448,  0.2697,
         0.4130,  0.4770, -0.0037,  0.2714,  0.0752,  0.1348,  0.2958,  0.1234,
        -0.1607, -0.1198,  0.0724,  0.1823,  0.5028,  0.0539,  0.0176,  0.5096,
         0.1217,  0.2449,  0.2593,  0.3204,  0.4854,  0.2182,  0.3473, -0.3041],
       grad_fn=<SelectBackward>)
 - output size torch.Size([1, 64, 112, 112])
torch.Size([1, 3, 226, 58])
 0 output data tensor([ 0.0790,  0.1093,  0.0593,  0.2257,  0.2608, -0.0140,  0.0408,  0.1184,
         0.1772,  0.1384,  0.0743,  0.3610,  0.2294,  0.1331,  0.3157,  0.2001,
         0.2469,  0.2081,  0.1067,  0.2941,  0.0019,  0.2919,  0.3327,  0.0732,
         0.0679,  0.0794,  0.3196,  0.1653], grad_fn=<SelectBackward>)
torch.Size([1, 64, 112, 28])
torch.Size([1, 3, 226, 58])
1 output data tensor([ 0.2069,  0.2963,  0.2129,  0.3370,  0.0403,  0.1559,  0.0709,  0.1992,
         0.1865,  0.3204,  0.2725,  0.4410, -0.0056, -0.0867,  0.2558,  0.2422,
         0.0503, -0.0076,  0.4480,  0.2180,  0.4284,  0.2935,  0.1771,  0.1280,
         0.0779,  0.4556, -0.2331,  0.1847], grad_fn=<SelectBackward>)
torch.Size([1, 64, 112, 28])
torch.Size([1, 3, 226, 58])
2 output data tensor([ 0.2855,  0.5893,  0.0892, -0.0374, -0.1524,  0.3498,  0.1530,  0.3154,
         0.0115, -0.0226, -0.0026,  0.1827,  0.1418,  0.3896,  0.3031,  0.1944,
         0.3640,  0.0953,  0.1060,  0.3107,  0.1733,  0.1111,  0.0804,  0.0956,
         0.2656,  0.3850, -0.0387,  0.1515], grad_fn=<SelectBackward>)
torch.Size([1, 64, 112, 28])
torch.Size([1, 3, 226, 58])
 3 output data tensor([ 0.2077,  0.3861,  0.1448,  0.2697,  0.4130,  0.4770, -0.0037,  0.2714,
         0.0752,  0.1348,  0.2958,  0.1234, -0.1607, -0.1198,  0.0724,  0.1823,
         0.5028,  0.0539,  0.0176,  0.5096,  0.1217,  0.2449,  0.2593,  0.3204,
         0.4854,  0.2182,  0.3473, -0.3041], grad_fn=<SelectBackward>)
torch.Size([1, 64, 112, 28])



 - output data tensor([-0.1541, -0.2165, -0.4259, -0.2903,  0.0909, -0.2523, -0.2854, -0.1520,
         0.0374, -0.2929,  0.1110, -0.3112, -0.3782, -0.3226, -0.2053, -0.1270,
        -0.3363, -0.0684, -0.5309, -0.0727, -0.2032, -0.0375, -0.1697, -0.3438,
        -0.1428, -0.4835, -0.3157, -0.3186, -0.1094, -0.3705, -0.3380, -0.3207,
        -0.0275, -0.4374, -0.4397, -0.1417, -0.0492, -0.4522, -0.2976, -0.1932,
        -0.2358, -0.1331, -0.3650, -0.0884, -0.1924, -0.3120, -0.0458, -0.0542,
        -0.1069, -0.6126,  0.1067, -0.0214,  0.3631, -0.7477, -0.1108, -0.1967,
        -0.3572, -0.2254, -0.3786, -0.3638, -0.0581, -0.3176, -0.0958, -0.4307,
        -0.0417, -0.1187, -0.1456, -0.4638, -0.0626, -0.5205, -0.0808, -0.2639,
        -0.3707, -0.3100, -0.3974, -0.3954, -0.2773, -0.1731, -0.1923, -0.1153,
        -0.2872,  0.0688,  0.0791, -0.1870, -0.2725, -0.1601, -0.4763, -0.2115,
        -0.1063, -0.1110, -0.2391, -0.4122, -0.2886, -0.1999, -0.1055, -0.0404,
        -0.1725, -0.4638, -0.2333, -0.5260,  0.0281, -0.2110, -0.2932, -0.3206,
        -0.2033,  0.3034, -0.3915, -0.1538, -0.4524, -0.1904, -0.2370,  0.0759],
       grad_fn=<SelectBackward>)
 - output size torch.Size([1, 64, 112, 112])
torch.Size([1, 3, 230, 62])
 0 output data tensor([-0.1541, -0.2165, -0.4259, -0.2903,  0.0909, -0.2523, -0.2854, -0.1520,
         0.0374, -0.2929,  0.1110, -0.3112, -0.3782, -0.3226, -0.2053, -0.1270,
        -0.3363, -0.0684, -0.5309, -0.0727, -0.2032, -0.0375, -0.1697, -0.3438,
        -0.1428, -0.4835, -0.3157, -0.3186], grad_fn=<SelectBackward>)
torch.Size([1, 64, 112, 28])
torch.Size([1, 3, 230, 62])
1 output data tensor([-0.1094, -0.3705, -0.3380, -0.3207, -0.0275, -0.4374, -0.4397, -0.1417,
        -0.0492, -0.4522, -0.2976, -0.1932, -0.2358, -0.1331, -0.3650, -0.0884,
        -0.1924, -0.3120, -0.0458, -0.0542, -0.1069, -0.6126,  0.1067, -0.0214,
         0.3631, -0.7477, -0.1108, -0.1967], grad_fn=<SelectBackward>)
torch.Size([1, 64, 112, 28])
torch.Size([1, 3, 230, 62])
2 output data tensor([-0.3572, -0.2254, -0.3786, -0.3638, -0.0581, -0.3176, -0.0958, -0.4307,
        -0.0417, -0.1187, -0.1456, -0.4638, -0.0626, -0.5205, -0.0808, -0.2639,
        -0.3707, -0.3100, -0.3974, -0.3954, -0.2773, -0.1731, -0.1923, -0.1153,
        -0.2872,  0.0688,  0.0791, -0.1870], grad_fn=<SelectBackward>)
torch.Size([1, 64, 112, 28])
torch.Size([1, 3, 230, 62])
 3 output data tensor([-0.2725, -0.1601, -0.4763, -0.2115, -0.1063, -0.1110, -0.2391, -0.4122,
        -0.2886, -0.1999, -0.1055, -0.0404, -0.1725, -0.4638, -0.2333, -0.5260,
         0.0281, -0.2110, -0.2932, -0.3206, -0.2033,  0.3034, -0.3915, -0.1538,
        -0.4524, -0.1904, -0.2370,  0.0759], grad_fn=<SelectBackward>)
torch.Size([1, 64, 112, 28])
